 %Classification of endpoints:  A = F F F F B = T T T F
 sdf=[ ...
     0.00000000000000         0.00000000000000    
     1.00000000000000         0.00000000000000    
     2.22222222222222         0.00000000000000    
     3.75000000000000        0.392099772362319    
     5.71428571428572         1.35834702624313    
     8.33333333333333         3.15859111742592    
     12.0000000000000         6.44669639246795    
     17.5000000000000         12.5234199239914    
     26.6666666666667         25.5692176083643    
     45.0000000000000         59.3153712664915    
     100.000000000000         205.774698088845    
 ];
 lambda=sdf(:,1);
 rho=sdf(:,2);
 %sledge/1 48  1.00D-04    9   10   14.5991   3447308
