numSteps = 10
numSteps = 1
numSteps = 1
numSteps = 1
prec: 96 newton: 2.717350e-15 func: 2.940413e-27
prec: 128 newton: 2.035717e-28 func: 2.830965e-37
prec: 160 newton: 1.218032e-37 func: 1.207037e-46
min sv: 1.102392e-01
