experiments
Part I: explicitly known examples

Ex. 1.1: a=[1]; nu=[1/3]; m=0; 
Exact answer: 1

I =

     9.999999999999855e-01


Ex. 1.2: a=[1]; nu=[-1/4]; m=1/3; 
Exact answer: 4.699242939646022e-01

I =

     4.699242939646101e-01


Ex. 1.3: a=[1]; nu=0; m=2; 
Exact answer: -1
Warning: Requested precision not reached
> In <a href="error:besselint.m,122,1">besselint at 122</a>
  In <a href="error:experiments.m,20,1">experiments at 20</a>

I =

    -1.000000000000091e+00


Ex. 1.4: a=[1]; nu=0; m=4; 
Exact answer: 9

I =

     9.000000000130967e+00


Ex. 2.1: a=[1 5]; nu=[0 1]; m=0; 
Exact answer: 1/5

I =

     2.000000000000000e-01


Ex. 2.2: a=[5 1]; nu=[0 1]; m=0; 
Exact answer: 0
Warning: Requested precision not reached
> In <a href="error:besselint.m,122,1">besselint at 122</a>
  In <a href="error:experiments.m,33,1">experiments at 33</a>

I =

     1.291284787430236e-16


Ex. 2.3: a=[1 3]; nu=[-1/2 1/3]; m=1/6; 
Exact answer: 4.875332490256342e-01
Warning: Requested precision not reached
> In <a href="error:besselint.m,122,1">besselint at 122</a>
  In <a href="error:experiments.m,38,1">experiments at 38</a>

I =

     4.875332490256320e-01


Ex. 2.4: a=[3 1]; nu=[-1/2 1/3]; m=1/6; 
Exact answer: 0

I =

     6.153931531027723e-16


Ex. 3.1: a=sqrt([2 3 5]); nu=0; m=1; 
Exact answer: 1.299494668722794e-01

I =

     1.299494668722793e-01


Ex. 3.2: a=sqrt([2 3 11]); nu=0; m=1; 
Exact answer: 0

I =

     3.469446951953614e-17


Ex. 3.3: a=sqrt([2 3 5]); nu=1; m=0; 
Exact answer: 1.423525086834354e-01

I =

     1.423525086834354e-01


Ex. 3.4: a=sqrt([2 3 5]); nu=[1 2 -3]; m=1; 
Exact answer: -1.150621628914800e-01

I =

    -1.150621628914798e-01


Ex. 3.5: a=sqrt([2 3 11]); nu=[1 2 -3]; m=1; 
Exact answer: 0

I =

     9.714451465470117e-17


Ex. 4.1: a=sqrt([2 3 5 7]); nu=0; m=1; 
Exact answer: 1.104110282210471e-01

I =

     1.104110282210470e-01


Ex. 4.2: a=[1 1 1 1]; nu=5/4; m=-3/2; 
Exact answer: 5.133002738452328e-02

I =

     5.133002738452346e-02


Ex. 5.1: a=sqrt([2 3 5 7 11]); nu=0;  m=1; 
Exact answer: 6.106434990872167e-02

I =

     6.106434990872165e-02


Ex. 5.2: a=sqrt([2 3 5 7 11]); nu=0;  m=2; 
Exact answer: 1.7024879933914e-02

I =

     1.702487993391440e-02


Ex. 6.1: a=[8 2.5 2 1.5 1]; nu=1; m=-2; 
Exact answer: 0
Warning: Requested precision not reached
> In <a href="error:besselint.m,122,1">besselint at 122</a>
  In <a href="error:experiments.m,96,1">experiments at 96</a>

ans =

     3.118332253174735e-18


Ex. 6.2: a=[8 2.5 2 1.5 1 0.5]; nu=[1/3 -1/4 -1/4 -1/4 -1/4 -1/4]; m=7/12; 
Exact answer: 5.219234259420823e-01

I =

     5.219234259420804e-01


----------------------------------------------

Part II: how reliable are the error estimates?

Ex. 7.1: a=sqrt([2 3 5]); nu=0; m=1
Requested relative precision: 1e-14
Estimated relative precision: 1.82e-15
Actual relative precision: 6.66e-16

Ex. 7.2: a=sqrt([2 3 5]); nu=[1 2 -3]; m=1
Requested relative precision: 1e-6
Estimated relative precision: 2.07e-08
Actual relative precision: 7.22e-10

Ex. 7.3: a=[1]; nu=0; m=2
Requested relative precision: 1e-10
Estimated relative precision: 2.43e-10
Actual relative precision: 1.24e-09

Ex. 7.4: a=[1]; nu=0; m=4
Requested relative precision: 1e-2
Estimated relative precision: 1.62e-03
Actual relative precision: 1.38e-05

Ex. 8.1: a=[1]; nu=[1/3]; m=0
Requested absolute precision: 1e-14
Estimated absolute precision: 7.68e-15
Actual absolute precision: 1.87e-14

Ex. 8.2: a=sqrt([2 3 5 7]); nu=0; m=1
Requested absolute precision: 1e-6
Estimated absolute precision: 8.04e-07
Actual absolute precision: 4.11e-09

Ex. 8.3: a=[1]; nu=[-1/4]; m=1/3
Requested absolute precision: 1e-2
Estimated absolute precision: 1.59e-03
Actual absolute precision: 1.01e-05

Ex. 8.4: a=sqrt([2 3 5 7 11]); nu=0; m=2
Requested absolute precision: 1e-10
Estimated absolute precision: 1.37e-10
Actual absolute precision: 2.04e-13

----------------------------------------------

Part III: some unusual cases

Ex. 9.1: a=[1 1]; nu=[1 4];  m=1; 
Exact answer: -Inf
Assuming a(1)-a(2)=0;
Warning: Possible discontinuous case; result and error estimate may be inaccurate
> In <a href="error:besselint.m,106,1">besselint at 106</a>
  In <a href="error:experiments.m,174,1">experiments at 174</a>

I =

  -Inf


Ex. 9.2: a=[1 1]; nu=[0 1];  m=0; 
Exact answer: 1/2
Assuming a(1)-a(2)=0;
Warning: Possible discontinuous case; result and error estimate may be inaccurate
> In <a href="error:besselint.m,106,1">besselint at 106</a>
  In <a href="error:experiments.m,178,1">experiments at 178</a>

I =

     4.999999999999999e-01


Ex. 9.3: a=[1 2 3]; nu=0; m=1; 
Exact answer: Inf
Assuming a(1)+a(2)-a(3)=0;
Warning: Possible discontinuous case; result and error estimate may be inaccurate
> In <a href="error:besselint.m,106,1">besselint at 106</a>
  In <a href="error:experiments.m,182,1">experiments at 182</a>

I =

   Inf


Ex. 9.4: a=[1 2 3]; nu=[0 1 1/2]; m=1; 
Exact answer: finite but unknown
Assuming a(1)+a(2)-a(3)=0;
Warning: Possible discontinuous case; result and error estimate may be inaccurate
> In <a href="error:besselint.m,106,1">besselint at 106</a>
  In <a href="error:experiments.m,186,1">experiments at 186</a>

I =

     5.208120518231615e-02


Ex. 9.5: a=[1 1]; nu=[-11/2 11/2]; 
Exact answer: finite if m<3

m =

     2

Assuming a(1)-a(2)=0;
Warning: Possible discontinuous case; result and error estimate may be inaccurate
> In <a href="error:besselint.m,106,1">besselint at 106</a>
  In <a href="error:experiments.m,191,1">experiments at 191</a>

I =

    -7.500000000000105e+00


m =

     2.999999999999998e+00

Assuming a(1)-a(2)=0;
Warning: Possible discontinuous case; result and error estimate may be inaccurate
> In <a href="error:besselint.m,106,1">besselint at 106</a>
  In <a href="error:experiments.m,193,1">experiments at 193</a>

I =

    -2.133873529321204e+01


m =

     3

Assuming a(1)-a(2)=0;
Warning: Possible discontinuous case; result and error estimate may be inaccurate
> In <a href="error:besselint.m,106,1">besselint at 106</a>
  In <a href="error:experiments.m,195,1">experiments at 195</a>

I =

   Inf


Ex. 9.6: a=[1 2 3]; nu=[0 0.8027756377319946 0.3027756377319946]; 
Exact answer: finite if m<3.5

m =

     2

Assuming a(1)+a(2)-a(3)=0;
Warning: Possible discontinuous case; result and error estimate may be inaccurate
> In <a href="error:besselint.m,106,1">besselint at 106</a>
  In <a href="error:experiments.m,200,1">experiments at 200</a>

I =

     3.103020292424541e-03


m =

     3.499999999999998e+00

Assuming a(1)+a(2)-a(3)=0;
Warning: Possible discontinuous case; result and error estimate may be inaccurate
> In <a href="error:besselint.m,106,1">besselint at 106</a>
  In <a href="error:experiments.m,202,1">experiments at 202</a>

I =

     1.216026708454989e+12


m =

     3.500000000000000e+00

Assuming a(1)+a(2)-a(3)=0;
Warning: Possible discontinuous case; result and error estimate may be inaccurate
> In <a href="error:besselint.m,106,1">besselint at 106</a>
  In <a href="error:experiments.m,204,1">experiments at 204</a>

I =

   Inf


Ex. 10.1: a=[1 2 3]; nu=0; m=0; 
Exact answer: 4.752701735935373e-01

I =

     4.752701735935373e-01


Ex. 10.2: a=[sqrt(2) sqrt(3) sqrt(2)+sqrt(3)]; nu=0; m=0; 
Exact answer: 4.437109037960439e-01

I =

     4.437109037960441e-01


Ex. 11.1: a=[1 10 1000]; nu=0; m=1; 
Exact answer: 0

I =

    -8.012722569766828e-17


e =

     2.253957092125195e+02     1.806033286335756e-14


Ex. 11.2: a=sqrt([2 3 5 7 11 13 17 19 23]); nu=0; m=4; 
Exact answer: unknown

I =

     1.284997199149526e-04


e =

     1.492340622040398e-15     1.917653519498974e-19


Ex. 11.3: a=1; nu=100; m=0; 
Exact answer: 1

I =

     9.999999999989873e-01


e =

     1.166110067180229e-12     1.166110067179048e-12

diary off
