ITER=          0 F=  2.5000000000D+04 PGINFNORM=  1.0000000000D+02
ITER=          1 F=  2.4010000000D+04 PGINFNORM=  9.8000000000D+01
ITER=          2 F=  0.0000000000D+00 PGINFNORM=  0.0000000000D+00

 F=          0.0000000000D+00
 PGINFNORM=  0.0000000000D+00
 PGTWONORM=  0.0000000000D+00
 FLAG=       0

 ITER=           2
 FCNT=           3
 GCNT=           3
