Problem:  Exponential Parameter Estimation
  MAXFUN=    10
  N     =     7
  M     =    14
  I     =     1
  X1    =    1.0
  X2    =    3.4148
  X3    =    1.33561
  X4    =    0.3411
  X5    =    1.0278
  X6    =    0.05123
  t     =    0.2
**** end ****
