 DHAESU EXAMPLE PROGRAM RESULTS

 The stable eigenvalues are

   i      WR(i)      WI(i)

   1    -3.1941     0.0000
   2    -0.1350    -0.3179
   3    -0.1350     0.3179
   4    -0.0595     0.2793
   5    -0.0595    -0.2793

 The matrix S of the reduced matrix is
   -3.1845    0.1612   -0.0629    0.2449    0.1974
    0.0000   -0.1511    0.4260   -0.1775    0.3447
    0.0000   -0.1386   -0.3007    0.2944    0.3456
    0.0000    0.0000    0.0000   -0.2710    0.0933
    0.0000    0.0000    0.0000    0.4844    0.2004

 The matrix T of the reduced matrix is
    3.2038    0.1806    0.2466   -0.2539   -0.0359
    0.0000   -0.7197    0.0000    0.2429   -0.0594
    0.0000    0.0000   -0.1892   -0.3310   -0.0304
    0.0000    0.0000    0.0000   -0.4362    0.0000
    0.0000    0.0000    0.0000    0.0000    0.1531

 The matrix G of the reduced matrix is
   -0.0371    0.0918   -0.0560    0.1345    0.0257
    0.0652   -0.0700    0.0350   -0.2234   -0.1172
   -0.0626    0.2328   -0.1252   -0.0178    0.3697
    0.0746   -0.0828    0.0217   -0.1158   -0.3161
    0.1374    0.1003    0.4022   -0.0431    0.1067

 Residual: || H*V - U*R ||_F = .39E-14

 The orthogonal symplectic factor U is
    0.3807   -0.0348   -0.5015    0.5390    0.2685   -0.1796    0.1908    0.0869    0.3115   -0.2580
    0.4643   -0.5943    0.4781    0.2334    0.0167   -0.2448   -0.1028   -0.1158   -0.1873    0.1701
    0.2773   -0.0130   -0.2124   -0.2550   -0.5049   -0.2243    0.3181    0.3315    0.1978    0.5072
    0.4209    0.1500   -0.1926   -0.5472    0.4543   -0.2128   -0.2741    0.1941   -0.3097   -0.0582
    0.3970    0.6322    0.3329    0.0164   -0.2639   -0.2002   -0.0040   -0.3979    0.1521   -0.2011
    0.1796   -0.1908   -0.0869   -0.3115    0.2580    0.3807   -0.0348   -0.5015    0.5390    0.2685
    0.2448    0.1028    0.1158    0.1873   -0.1701    0.4643   -0.5943    0.4781    0.2334    0.0167
    0.2243   -0.3181   -0.3315   -0.1978   -0.5072    0.2773   -0.0130   -0.2124   -0.2550   -0.5049
    0.2128    0.2741   -0.1941    0.3097    0.0582    0.4209    0.1500   -0.1926   -0.5472    0.4543
    0.2002    0.0040    0.3979   -0.1521    0.2011    0.3970    0.6322    0.3329    0.0164   -0.2639

 Orthogonality of U: || U^T U - I ||_F = .28E-14

 The orthogonal symplectic factor V is
    0.4447   -0.6830   -0.0003    0.5782   -0.0375    0.0000    0.0000    0.0000    0.0000    0.0000
    0.5122    0.0297    0.4332   -0.3241    0.5331    0.0300   -0.2323   -0.0281   -0.3044   -0.1078
    0.3665    0.3289    0.0588    0.1134    0.1048   -0.0069    0.3351   -0.4923    0.4294    0.4373
    0.4535    0.1063   -0.3964   -0.2212    0.0351    0.0168    0.2844    0.5959    0.3097   -0.2087
    0.4450    0.2950   -0.1618   -0.0376   -0.6747    0.0249   -0.2811   -0.1653   -0.3529   -0.0255
    0.0000    0.0000    0.0000    0.0000    0.0000    0.4447   -0.6830   -0.0003    0.5782   -0.0375
   -0.0300    0.2323    0.0281    0.3044    0.1078    0.5122    0.0297    0.4332   -0.3241    0.5331
    0.0069   -0.3351    0.4923   -0.4294   -0.4373    0.3665    0.3289    0.0588    0.1134    0.1048
   -0.0168   -0.2844   -0.5959   -0.3097    0.2087    0.4535    0.1063   -0.3964   -0.2212    0.0351
   -0.0249    0.2811    0.1653    0.3529    0.0255    0.4450    0.2950   -0.1618   -0.0376   -0.6747

 Orthogonality of V: || V^T V - I ||_F = .20E-14
