 DSHES EXAMPLE PROGRAM RESULTS

 The orthogonal symplectic factor U is 
    0.4391    0.1620   -0.4543    0.7368    0.1778    0.0000    0.0000    0.0000    0.0000    0.0000
    0.4496    0.4857    0.2913   -0.2366    0.1717    0.0156    0.1503   -0.3095   -0.1099   -0.5108
    0.3796    0.1987    0.2322   -0.0224   -0.4326   -0.3082    0.4209    0.1638    0.0664    0.5211
    0.2248   -0.4240   -0.4041   -0.3849    0.3939   -0.4202    0.3164   -0.1292    0.0982    0.0124
   -0.0212   -0.4649    0.5489    0.4571   -0.0156   -0.3717    0.0516   -0.2258    0.1319   -0.2525
    0.0000    0.0000    0.0000    0.0000    0.0000    0.4391    0.1620   -0.4543    0.7368    0.1778
   -0.0156   -0.1503    0.3095    0.1099    0.5108    0.4496    0.4857    0.2913   -0.2366    0.1717
    0.3082   -0.4209   -0.1638   -0.0664   -0.5211    0.3796    0.1987    0.2322   -0.0224   -0.4326
    0.4202   -0.3164    0.1292   -0.0982   -0.0124    0.2248   -0.4240   -0.4041   -0.3849    0.3939
    0.3717   -0.0516    0.2258   -0.1319    0.2525   -0.0212   -0.4649    0.5489    0.4571   -0.0156

 Orthogonality of U: || U'*U - I ||_F = .18E-14

 The matrix A in Schur canonical form is 
    4.8723   -0.2937    0.0612   -0.2587    0.0408
    0.0000   -2.4246    0.5800   -0.3519   -0.9446
    0.0000    0.0000   -0.7265   -0.0953    0.0578
    0.0000    0.0000    0.0000    0.5782    1.0129
    0.0000    0.0000    0.0000   -0.3247    0.5782

 The reduced matrix QG is 
    0.0000    0.0000    0.1684    1.0101   -0.4804   -0.1126
    0.0000    0.0000    0.0000    0.1886   -0.3487    0.0019
    0.0000    0.0000    0.0000    0.0000    0.1815   -0.2412
    0.0000    0.0000    0.0000    0.0000    0.0000    0.2881
    0.0000    0.0000    0.0000    0.0000    0.0000    0.0000

 Residual: || W - U*R*U' ||_F = .40E-14
