
Single:
pi=3.141593
 e=2.718282

Double:
pi=3.141592653589793
 e=2.718281828459045

Quad:
pi=3.141592653589793238462643383279503
 e=2.718281828459045235360287471352662
