 TDGESQB EXAMPLE PROGRAM RESULTS

 The orthogonal symplectic factor Q is 
   -0.1481   -0.0355   -0.7189    0.3059    0.1132    0.3075   -0.1672    0.4807
   -0.4358   -0.2827    0.3788    0.6728    0.1621   -0.2766   -0.1644    0.0648
    0.1318   -0.4999   -0.4437   -0.1042   -0.0390   -0.6992    0.1688   -0.0784
   -0.2994    0.0182   -0.2023    0.1657   -0.8003    0.0929   -0.1358   -0.4172
   -0.1132   -0.3075    0.1672   -0.4807   -0.1481   -0.0355   -0.7189    0.3059
   -0.1621    0.2766    0.1644   -0.0648   -0.4358   -0.2827    0.3788    0.6728
    0.0390    0.6992   -0.1688    0.0784    0.1318   -0.4999   -0.4437   -0.1042
    0.8003   -0.0929    0.1358    0.4172   -0.2994    0.0182   -0.2023    0.1657

 Orthogonality of Q: ||Q^T Q - I||_F = .12E-14

 The factor R is 
   -1.1453    0.1708   -0.2766    0.0669    0.7705    0.8035   -0.2142    0.1628
    0.0000   -1.1986    0.4834   -0.1382    0.8930   -0.7547   -0.0260    0.8273
    0.0000    0.0000   -1.0687    0.2356   -0.4435    0.2251    0.9575   -0.2136
    0.0000    0.0000    0.0000    1.0455   -0.2943   -0.6327    0.1709   -0.1721
    0.0000    0.0000    0.0000    0.0001   -0.8732    0.0000    0.0000    0.0000
    0.0000    0.0000    0.0000    0.0000   -0.1245   -0.8343    0.0000    0.0000
    0.0000    0.0000    0.0000    0.0000    0.1697   -0.3774   -0.9356    0.0001
    0.0000    0.0000    0.0000    0.0000    0.0012   -0.0252    0.2109    0.9565

 Residual: || [A;B] - Q*R ||_F = .13E-14
