numSteps = 10
numSteps = 1
numSteps = 1
numSteps = 1
prec: 96 newton: 6.381964e-16 func: 2.257852e-28
prec: 128 newton: 9.928528e-29 func: 4.238305e-38
prec: 160 newton: 6.135693e-39 func: 1.128457e-47
min sv: 1.592930e-01
