DGHFST EXAMPLE PROGRAM RESULTS
The transformed matrix Z is 
  -2.5678  -2.9798   0.4885  -2.8719   2.7331   1.2619   1.7893   2.8246
   0.0000  -3.9711  -6.1190   6.1945  -3.0512  -5.3985  -1.4398   4.0102
   0.0000   0.0000   4.3224   4.5967   0.5414  -4.6471   3.6510  -0.5421
   0.0000   0.0000   0.0000   7.0155   1.5557   2.0499   3.7184  -2.3864
   0.4352  -3.2829   3.7246   0.4794  -5.3205   0.0000   0.0000   0.0000
   1.3080  -3.9881  -3.5497   3.5020   2.2836   6.9817   0.0000   0.0000
   1.1308  -1.5087   2.4730   2.1553  -1.6709  -0.8715   8.1253   0.0000
   4.7933  -4.3671  -0.0473  -2.0092  -3.9547   0.2398   1.0447   5.5977
The transformed matrix B is 
   3.8629  -1.3239   0.1512   2.1882
   0.0000   3.7484  -3.5999  -2.4361
   0.0000  -3.6088  -2.5273  -0.9003
   0.0000   0.0000   0.0000  -6.7384
The transformed matrix FG is 
   1.0000   2.0000  -0.7130  -1.2545  -1.3653
   0.0158   2.0000   2.0000   3.4030   3.2438
  -1.1665   2.5791   2.0000   2.0000  -0.3270
   3.3823  -1.2344   3.9016   2.0000   2.0000
The vector ALPHAR is 
   1.1310  -0.0697  -0.0697  -0.6864
The vector ALPHAI is 
   0.0000   0.6035  -0.6035   0.0000
The vector BETA is 
   4.0000   4.0000   4.0000   4.0000
The matrix Q is 
  -0.6042  -0.4230  -0.4661   0.1400  -0.2947   0.3486  -0.0892   0.0534
  -0.3706   0.1454   0.4415  -0.1381  -0.1210   0.2727   0.7320  -0.0524
   0.1325  -0.2745  -0.0461  -0.5084  -0.3163  -0.2896   0.1565   0.6619
   0.2373   0.5415  -0.5094   0.3373  -0.3852  -0.0092   0.3328   0.1339
   0.4777  -0.4463   0.2826   0.5172  -0.0775   0.3845   0.1186   0.2395
  -0.0116  -0.4407  -0.1758   0.2474   0.1236  -0.6172   0.4616  -0.3228
   0.1237  -0.0394  -0.4293  -0.2090   0.7209   0.3333   0.2984   0.1883
   0.4245  -0.1906  -0.1766  -0.4655  -0.3304   0.2832   0.0695  -0.5843
The upper left block of the matrix U is 
   0.0154  -0.4941  -0.5382   0.6826
   0.4829  -0.1455  -0.2953  -0.3491
   0.4981   0.1510   0.1052   0.1810
  -0.0188   0.6384  -0.5122   0.0587
The upper right block of the matrix U is 
   0.0000   0.0000   0.0000   0.0000
   0.3179  -0.4272  -0.1896  -0.4659
   0.5644   0.0775   0.4498   0.3979
  -0.3137  -0.3404   0.3339   0.0239
