DGHUST EXAMPLE PROGRAM RESULTS
The transformed matrix A is 
   0.0550  -0.3064   0.0026  -0.2663
   0.0000   1.2189  -1.0643   0.9107
   0.0000   0.0000   1.7796  -1.7196
   0.0000   0.0000   0.0000   1.0940
The transformed matrix DE is 
   0.4217   0.6557   0.4277  -0.1704   0.4606
  -1.5448   0.0357   0.7577  -0.2528   0.4803
   0.3220   1.1004   0.7431   0.7060  -1.1102
   0.3899   0.3463   0.4843   0.0318   0.8234
The transformed matrix B is 
   0.8482  -0.4425   0.7842  -0.4605
   0.0000  -0.5919  -0.3853   0.6993
   0.0000   0.0000   1.3990  -0.8832
   0.0000   0.0000   0.0000   1.5590
The transformed matrix FG is 
   0.6550   0.9597   0.3266  -0.4615   1.0389
  -0.3151   0.3403   0.2550   0.0161   0.5637
   0.1987  -0.0141   0.5059   0.5472  -0.4172
   0.7914   0.0371   0.0000   0.1386   0.2542
The transformed matrix Q is 
   0.0762   0.7824  -0.1002   0.6100   0.0000   0.0000   0.0000   0.0000
   0.1786  -0.2450  -0.6597   0.1836   0.1843  -0.5857  -0.1791  -0.1733
  -0.2452   0.1425  -0.4346  -0.2236  -0.1834  -0.0856   0.7473   0.2851
  -0.2123  -0.3870   0.3710   0.5839   0.3061  -0.1791   0.4481   0.0027
  -0.4085   0.0154  -0.1068   0.0137   0.3908   0.0160  -0.3745   0.7267
   0.6418  -0.2868  -0.2150   0.2523  -0.0286   0.4768   0.1132   0.3938
  -0.0077  -0.1340   0.1904   0.2041  -0.7708  -0.3910  -0.1748   0.3557
  -0.5275  -0.2394  -0.3666   0.3127  -0.3018   0.4869  -0.1581  -0.2812
The vector ALPHAR is 
   0.8482  -0.5919   1.3990   1.5590
The vector ALPHAI is 
   0.0000   0.0000   0.0000   0.0000
The vector BETA is 
   0.0550   1.2189   1.7796   1.0940
