function [p,z] = fib150
%
%  test polynomial suggested by Goedecker
%
    n = 150;
    p = [-1,ones(1,n)];
    z = [-.9927187559253492, ... 
        -.9918530882118113-.4147913261323188e-1*i, ... 
        -.9918530882118113+.4147913261323188e-1*i, ... 
        -.9892575836821723-.8288617318453414e-1*i, ... 
        -.9892575836821723+.8288617318453414e-1*i, ... 
        -.9849367355771876-.1241491541448754*i, ... 
        -.9849367355771876+.1241491541448754*i, ... 
        -.9788980239954073-.1651963566541725*i, ... 
        -.9788980239954073+.1651963566541725*i, ... 
        -.9711519029549269-.2059564344240104*i, ... 
        -.9711519029549269+.2059564344240104*i, ... 
        -.9617117823114389-.2463585368912788*i, ... 
        -.9617117823114389+.2463585368912788*i, ... 
        -.9505940045641273-.2863324315280673*i, ... 
        -.9505940045641273+.2863324315280673*i, ... 
        -.9378178165898683-.3258086250746164*i, ... 
        -.9378178165898683+.3258086250746164*i, ... 
        -.9234053363550660-.3647184834839322*i, ... 
        -.9234053363550660+.3647184834839322*i, ... 
        -.9073815146632301-.4029943503688435*i, ... 
        -.9073815146632301+.4029943503688435*i, ... 
        -.8897740920050947-.4405696637447960*i, ... 
        -.8897740920050947+.4405696637447960*i, ... 
        -.8706135505866639-.4773790708645437*i, ... 
        -.8706135505866639+.4773790708645437*i, ... 
        -.8499330616190360-.5133585409440989*i, ... 
        -.8499330616190360+.5133585409440989*i, ... 
        -.8277684279621956-.5484454755828406*i, ... 
        -.8277684279621956+.5484454755828406*i, ... 
        -.8041580222231623-.5825788166845422*i, ... 
        -.8041580222231623+.5825788166845422*i, ... 
        -.7791427204169229-.6156991516902623*i, ... 
        -.7791427204169229+.6156991516902623*i, ... 
        -.7527658313064592-.6477488159385299*i, ... 
        -.7527658313064592+.6477488159385299*i, ... 
        -.7250730215458899-.6786719919730538*i, ... 
        -.7250730215458899+.6786719919730538*i, ... 
        -.6961122367582722-.7084148056232615*i, ... 
        -.6961122367582722+.7084148056232615*i, ... 
        -.6659336186869521-.7369254186883471*i, ... 
        -.6659336186869521+.7369254186883471*i, ... 
        -.6345894185664953-.7641541180611353*i, ... 
        -.6345894185664953+.7641541180611353*i, ... 
        -.6021339068661845-.7900534011339715*i, ... 
        -.6021339068661845+.7900534011339715*i, ... 
        -.5686232795658151-.8145780573349891*i, ... 
        -.5686232795658151+.8145780573349891*i, ... 
        -.5341155611300741-.8376852456494883*i, ... 
        -.5341155611300741+.8376852456494883*i, ... 
        -.4986705043541354-.8593345679877696*i, ... 
        -.4986705043541354+.8593345679877696*i, ... 
        -.4623494872592649-.8794881382675888*i, ... 
        -.4623494872592649+.8794881382675888*i, ... 
        -.4252154072232028-.8981106470864277*i, ... 
        -.4252154072232028+.8981106470864277*i, ... 
        -.3873325725358873-.9151694218659986*i, ... 
        -.3873325725358873+.9151694218659986*i, ... 
        -.3487665915767304-.9306344823588107*i, ... 
        -.3487665915767304+.9306344823588107*i, ... 
        -.3095842598151608-.9444785914142191*i, ... 
        -.3095842598151608+.9444785914142191*i, ... 
        -.2698534448415497-.9566773009091463*i, ... 
        -.2698534448415497+.9566773009091463*i, ... 
        -.2296429696409571-.9672089927566195*i, ... 
        -.2296429696409571+.9672089927566195*i, ... 
        -.1890224943274280-.9760549149134032*i, ... 
        -.1890224943274280+.9760549149134032*i, ... 
        -.1480623965618780-.9831992123163535*i, ... 
        -.1480623965618780+.9831992123163535*i, ... 
        -.1068336508819937-.9886289526856903*i, ... 
        -.1068336508819937+.9886289526856903*i, ... 
        -.6540770717811572e-1-.9923341471422300*i, ... 
        -.6540770717811572e-1+.9923341471422300*i, ... 
        -.2385636855484892e-1-.9943077655947946*i, ... 
        -.2385636855484892e-1+.9943077655947946*i, ... 
        .1774833117573815e-1-.9945457468636005*i, ... 
        .1774833117573815e-1+.9945457468636005*i, ... 
        .5933425011689494e-1-.9930470035155510*i, ... 
        .5933425011689494e-1+.9930470035155510*i, ... 
        .1008292607663695-.9898134213981652*i, ... 
        .1008292607663695+.9898134213981652*i, ... 
        .1421613720845280-.9848498538705906*i, ... 
        .1421613720845280+.9848498538705906*i, ... 
        .1832588508751938-.9781641107430547*i, ... 
        .1832588508751938+.9781641107430547*i, ... 
        .2240503421931883-.9697669419505880*i, ... 
        .2240503421931883+.9697669419505880*i, ... 
        .2644649884815679-.9596720160034037*i, ... 
        .2644649884815679+.9596720160034037*i, ... 
        .3044325471292468-.9478958932755882*i, ... 
        .3044325471292468+.9478958932755882*i, ... 
        .3438835061260140-.9344579942165983*i, ... 
        .3438835061260140+.9344579942165983*i, ... 
        .3827491974769262-.9193805625975399*i, ... 
        .3827491974769262+.9193805625975399*i, ... 
        .4209619080219071-.9026886239377113*i, ... 
        .4209619080219071+.9026886239377113*i, ... 
        .4584549872896030-.8844099392981356*i, ... 
        .4584549872896030+.8844099392981356*i, ... 
        .4951629519980681-.8645749546799259*i, ... 
        .4951629519980681+.8645749546799259*i, ... 
        .5310215868002686-.8432167463288874*i, ... 
        .5310215868002686+.8432167463288874*i, ... 
        .5659680408622439-.8203709623267845*i, ... 
        .5659680408622439+.8203709623267845*i, ... 
        .5999409198599586-.7960757609476053*i, ... 
        .5999409198599586+.7960757609476053*i, ... 
        .6328803729932399-.7703717463775087*i, ... 
        .6328803729932399+.7703717463775087*i, ... 
        .6647281746501417-.7433019025433064*i, ... 
        .6647281746501417+.7433019025433064*i, ... 
        .6954278004244162-.7149115259686257*i, ... 
        .6954278004244162+.7149115259686257*i, ... 
        .7249244973086152-.6852481587793065*i, ... 
        .7249244973086152+.6852481587793065*i, ... 
        .7531653480767721-.6543615232056414*i, ... 
        .7531653480767721+.6543615232056414*i, ... 
        .7800993301600754-.6223034591666788*i, ... 
        .7800993301600754+.6223034591666788*i, ... 
        .8056773697373049-.5891278667468168*i, ... 
        .8056773697373049+.5891278667468168*i, ... 
        .8298523923415625-.5548906555452699*i, ... 
        .8298523923415625+.5548906555452699*i, ... 
        .8525793720535097-.5196497029280600*i, ... 
        .8525793720535097+.5196497029280600*i, ... 
        .8738153823196024-.4834648230425889*i, ... 
        .8738153823196024+.4834648230425889*i, ... 
        .8935196525762829-.4463977479358605*i, ... 
        .8935196525762829+.4463977479358605*i, ... 
        .9116536360890624-.4085121210914591*i, ... 
        .9116536360890624+.4085121210914591*i, ... 
        .9281810955442824-.3698735020064003*i, ... 
        .9281810955442824+.3698735020064003*i, ... 
        .9430682136510916-.3305493779521499*i, ... 
        .9430682136510916+.3305493779521499*i, ... 
        .9562837358786358-.2906091758178016*i, ... 
        .9562837358786358+.2906091758178016*i, ... 
        .9677991509344817-.2501242631678211*i, ... 
        .9677991509344817+.2501242631678211*i, ... 
        .9775889111839516-.2091679239550551*i, ... 
        .9775889111839516+.2091679239550551*i, ... 
        .9856306896705420-.1678152916898196*i, ... 
        .9856306896705420+.1678152916898196*i, ... 
        .9919056630215224-.1261432225318404*i, ... 
        .9919056630215224+.1261432225318404*i, ... 
        .9963988013915535-.8423009394365190e-1*i, ... 
        .9963988013915535+.8423009394365190e-1*i, ... 
        .9990991395939178-.4215552183469491e-1*i, ... 
        .9990991395939178+.4215552183469491e-1*i, ... 
        2.000000000000000]; 
