var[0]:	0.8280372072645692
var[1]:	0.20203766144304366
var[2]:	0.8894691713002715
var[3]:	2.1955965497565346
var[4]:	0.21362619583588516
var[5]:	0.5985719384190227
var[6]:	0.05454947718195429
var[7]:	0.9746203239373876
var[8]:	2.1989174446014657
var[9]:	0.4107918940269194
