City Name          Distances between cities in miles
-----------     ----------------------------------------
Ann Arbor         0.0   38.0   55.0  131.0   97.0   62.0
Detroit          38.0    0.0   57.0  156.0  142.0   84.0
Flint            55.0   57.0    0.0  107.0  126.0   51.0
Grand Rapids    131.0  156.0  107.0    0.0   52.0   66.0
Kalamazoo        97.0  142.0  126.0   52.0    0.0   75.0
Lansing          62.0   84.0   51.0   66.0   75.0    0.0
