function auxdata = minimumClimbAuxdata()

CoF      = zeros(10,6);
CoF(1,:) = [2.61059846050e-2;
            -8.57043966269e-2;
            1.07863115049e-1;
            -6.44772018636e-2;
            1.64933626507e-2;
            0];
CoF(2,:) = [1.37368651246e0;
            -4.57116286752e0;
            5.72789877344e0;
            -3.25219000620e0;
            7.29821847445e-1;
            0];
CoF(3,:) = [1.23001735612e0;
            -2.97244144190e0;
            2.78009092756e0;
            -1.16227834301e0;
            1.81868987624e-1;
            0];
CoF(4,:) = [1.42392902737e1;
            -3.24759126471e1;
            2.96838643792e1;
            -1.33316812491e1;
            2.87165882405e0;
            -2.27239723756e-1];
CoF(5,:) = [0.11969995703e6;
            -0.14644656421e5;
            -0.45534597613e3;
            0.49544694509e3;
            -0.46253181596e2;
            0.12000480258e1];
CoF(6,:) = [-0.35217318620e6;
            0.51808811078e5;
            0.23143969006e4;
            -0.22482310455e4;
            0.20894683419e3;
            -0.53807416658e1];
CoF(7,:) = [0.60452159152e6;
            -0.95597112936e5;
            -0.38860323817e4;
            0.39771922607e4;
            -0.36835984294e3;
            0.94529288471e1];
CoF(8,:) = [-0.43042985701e6;
            0.83271826575e5;
            0.12357128390e4;
            -0.30734191752e4;
            0.29388870979e3;
            -0.76204728620e1];
CoF(9,:) = [0.13656937908e6;
            -0.32867923740e5;
            0.55572727442e3;
            0.10635494768e4;
            -0.10784916936e3;
            0.28552696781e1];
CoF(10,:) = [-0.16647992124e5;
            0.49102536402e4;
            -0.23591380327e3;
            -0.13626703723e3;
            0.14880019422e2;
            -0.40379767869e0];
          
auxdata.CoF = CoF;